<?xml version="1.0" encoding="utf-8"?>
<vector
    xmlns:android="http://schemas.android.com/apk/res/android"
    android:name="btn_checkbox_checked"
    android:height="dimension(8153)"
    android:width="dimension(3193)"
<group
            android:name="check"
            android:scaleX="10892230464.000000"
            android:scaleY="10894703364.000000">


            <path
                android:name="check_path_merged"
                android:fillColor="argb8(0xff000000)"
                android:pathData="M 7.0,-9.0 c 0.0,0.0 -12.0,0.0 -14.0,0.0 c -1.1044921875,0.0 -2.0,0.8955078125 -2.0,2.0 c 0.0,0.0 0.0,14.0 0.0,14.0 c 0.0,1.1044921875 0.8955078125,2.0 2.0,2.0 c 0.0,0.0 14.0,0.0 14.0,0.0 c 1.1044921875,0.0 2.0,-0.8955078125 2.0,-2.0 c 0.0,0.0 0.0,-14.0 0.0,-14.0 c 0.0,-1.1044921875 -0.8955078125,-2.0 -2.0,-2.0 c 0.0,0.0 0.0,0.0 0.0,0.0 Z M -2.0,5.00001525879 c 0.0,0.0 -5.0,-5.00001525879 -5.0,-5.00001525879 c 0.0,0.0 1.41409301758,-1.41409301758 1.41409301758,-1.41409301758 c 0.0,0.0 3.58590698242,3.58601379395 3.58590698242,3.58601379395 c 0.0,0.0 7.58590698242,-7.58601379395 7.58590698242,-7.58601379395 c 0.0,0.0 1.41409301758,1.41409301758 1.41409301758,1.41409301758 c 0.0,0.0 -9.0,9.00001525879 -9.0,9.00001525879 Z" />
        </group>

        <group
            android:name="box_dilate"
            android:scaleX="10815470464.000000"
            android:scaleY="14589470464.000000">

            <path
                android:name="box_inner_merged"
                android:fillColor="argb8(0xff000000)"
                android:pathData="M 0.0,-1.0 l 0.0,0.0 c 0.552457897498,0.0 1.0,0.44772652502 1.0,1.0 l 0.0,0.0 c 0.0,0.5522847498 -0.4477152502,1.0 -1.0,1.0 l 0.0,0.0 c -0.5522847498,0.0 -1.0,-0.4477152502 -1.0,-1.0 l 0.0,0.0 c 0.0,-0.5522847498 0.4477152502,-1.0 1.0,-1.0 Z M 7.0,-9.0 c 0.0,0.0 -14.0,0.0 -14.0,0.0 c -1.1044921875,0.0 -2.0,0.8955078125 -2.0,2.0 c 0.0,0.0 0.0,14.0 0.0,14.0 c 0.0,1.1044921875 0.8955078125,2.0 2.0,2.0 c 0.0,0.0 14.0,0.0 14.0,0.0 c 1.1044921875,0.0 2.0,-0.8955078125 2.0,-2.0 c 0.0,0.0 0.0,-14.0 0.0,-14.0 c 0.0,-1.1044921875 -0.8955078125,-2.0 -2.0,-2.0 c 0.0,0.0 0.0,0.0 0.0,0.0 Z"
                android:fillAlpha="0.000000" />
        </group>
  </vector>